0000000000000000000000000000000000000000000000000000000
0000000000000000000000000000000000000000000000000000000
0000000000000000000000000000000000000000000000000000000
0000000000000000000000000000000000000000000000000000000
0000000011111111111111111111111100000000000000000000000
0000000011111111111111111111111100000000000000000000000
0000000011111111111111111111111100000000000000000000000
0000000011111111111111111111111100000000000000000000000
0000000011111111111111111111111100000000000000000000000
0000000011111111111111111111111100000000000000000000000
0000000011111111111111111111111100000000000000000000000
0000000000000000000000000000000000000000000000000000000
0000000011111111111111111111111100000000000000000000000
0000000011111111111111111111111100000000000000000000000
0000000011111111111111111111111100000000000000000000000
0000000011111111111111111111111100000000000000000000000
0000000011111111111111111111111100000000000000000000000
2220000011111111111111111111111100000000000000000003333
2220000011111111111111111111111100000000000000000003333
2220000000000000000000000000000000000000000000000003333
2220000011111111111111111111111100000000000000000003333
2220000011111111111111111111111100000000000000000003333
0000000011111111111111111111111100000000000000000000000
0000000011111111111111111111111100000000000000000000000
0000000011111111111111111111111100000000000000000000000
0000000011111111111111111111111100000000000000000000000
0000000000000000000000000000000000000000000000000000000
0000000011111111111111111111111100000000000000000000000
0000000011111111111111111111111100000000000000000000000
0000000011111111111111111111111100000000000000000000000
0000000011111111111111111111111100000000000000000000000
0000000011111111111111111111111100000000000000000000000
0000000011111111111111111111111100000000000000000000000
0000000011111111111111111111111100000000000000000000000
0000000011111111111111111111111100000000000000000000000
0000000000000000000000000000000000000000000000000000000
0000000000000000000000000000000000000000000000000000000
0000000000000000000000000000000000000000000000000000000